5013 
4723 
5417 
5418 
5420 
3720 
4109 
5319 
4250 
3009 
4188 
3245 
3713 
4971 
4194 
5351 
4271 
4779 
3697 
4739 
3585 
4888 
4189 
4636 
4637 
3198 
4612 
4784 
3737 
4879 
4309 
4434 
4432 
4307 
3272 
4163 
4248 
3502 
4072 
3931 
3767 
4598 
4796 
4945 
4463 
3259 
3260 
4287 
4288 
3216 
3215 
4715 
4174 
3768 
3593 
4446 
3807 
4774 
4771 
3196 
4313 
3908 
3587 
5481 
3010 
2766 
4896 
4388 
4209 
4584 
3566 
3721 
3980 
4773 
4777 
4864 
4192 
4577 
4969 
4315 
4573 
4772 
4413 
4865 
4180 
3274 
3827 
3796 
3372 
4552 
4538 
3623 
4820 
3137 
4614 
4613 
4597 
4720 
4721 
4719 
3444 
5449 
4274 
3979 
4155 
3621 
5445 
4465 
5358 
4387 
4726 
3237 
3830 
4517 
3556 
3837 
4107 
3056 
3441 
3709 
3710 
4085 
4252 
4314 
4718 
3186 
5011 
4741 
4740 
3212 
3816 
4770 
3717 
4785 
4891 
3308 
4460 
3912 
3484 
4319 
3139 
4318 
4295 
4639 
5318 
3157 
4251 
4400 
4582 
4638 
3368 
4294 
4775 
4247 
3994 
4003 
4635 
4634 
3815 
4429 
3930 
3933 
3932 
3926 
3923 
3925 
3928 
3927 
4622 
3695 
2968 
3451 
3450 
3558 
4397 
4386 
4296 
3377 
3452 
3687 
3688 
4378 
4395 
3447 
4414 
3755 
4783 
5495 
5357 
3065 
4348 
4255 
4430 
4292 
5390 
3920 
3498 
3707 
3526 
3213 
5490 
3231 
3244 
3235 
3832 
3826 
3671 
3799 
5433 
3063 
4462 
5354 
4616 
4141 
3626 
4150 
3163 
3173 
4953 
4158 
3503 
3723 
3724 
3282 
5336 
3635 
4007 
4366 
5491 
3648 
5312 
5313 
3689 
3909 
4389 
3910 
4328 
4557 
5397 
4581 
4937 
4273 
3522 
4867 
3882 
3885 
3819 
3678 
3818 
3780 
3781 
3547 
4040 
3062 
3540 
3821 
4132 
4939 
3797 
3170 
3828 
3829 
3528 
4518 
3370 
4949 
3756 
4152 
4396 
3404 
3501 
3814 
3565 
3473 
3874 
3696 
4875 
3227 
3241 
4401 
3117 
3097 
3264 
3812 
3847 
3850 
3677 
4241 
3255 
3570 
5387 
3591 
3981 
3236 
4129 
4166 
3446 
4716 
3592 
3491 
5461 
5493 
4934 
4963 
4899 
4316 
3067 
4195 
3798 
3802 
3462 
3371 
3660 
4185 
5396 
4794 
4298 
5447 
5446 
3998 
5423 
2991 
2989 
3083 
2990 
4377 
3654 
3233 
4821 
5440 
4279 
4349 
3310 
4131 
3354 
3431 
3422 
3430 
3355 
3423 
3424 
3352 
4394 
4852 
4853 
4858 
3765 
3442 
4276 
4289 
5444 
3367 
3622 
4780 
3619 
4776 
4445 
3620 
3907 
4232 
3136 
3946 
3655 
4270 
3800 
5003 
5492 
4580 
4326 
3353 
4819 
4343 
4097 
5335 
3763 
3155 
5500 
4392 
3480 
3243 
4443 
4259 
4572 
3546 
4260 
3234 
3357 
3358 
3356 
4508 
5324 
5320 
4243 
4242 
4320 
5439 
4717 
3496 
4855 
4859 
4275 
5460 
4229 
4456 
4457 
4724 
3403 
4889 
4890 
Total Presentations Changed = 409 

5588 
4761 
2840 
2869 
5327 
2963 
5356 
4464 
3703 
5412 
3456 
5476 
3477 
4514 
2809 
3161 
4605 
4076 
4915 
4205 
2914 
4574 
4265 
4748 
4674 
4334 
4404 
4708 
4709 
2922 
2903 
3887 
4122 
4536 
3453 
3692 
4228 
4815 
3842 
4706 
4264 
4553 
2229 
3130 
3349 
4749 
4912 
4579 
3680 
3596 
4668 
4374 
5580 
5650 
2787 
5686 
2975 
5001 
3691 
4746 
4909 
3854 
2121 
4563 
3530 
2901 
2943 
2786 
4116 
4529 
4691 
2508 
4148 
4710 
2117 
2961 
3742 
4711 
3580 
3513 
5579 
2802 
2000 
5004 
2505 
2053 
3666 
3395 
2783 
4687 
4074 
3374 
4586 
3531 
2822 
5600 
2451 
5436 
4522 
4747 
2845 
4667 
2900 
2450 
4515 
2418 
3559 
4120 
3705 
4789 
2426 
718 
4690 
5620 
2902 
1156 
4277 
4415 
4705 
5589 
5441 
4497 
4906 
4119 
2804 
4207 
3989 
2844 
3741 
4703 
5355 
2880 
3164 
2560 
3977 
3539 
2290 
2151 
2851 
2868 
2821 
2939 
2915 
3663 
4910 
2904 
4676 
4168 
4908 
3337 
2116 
4758 
2823 
2810 
2561 
4498 
4115 
2484 
3365 
3841 
1880 
4903 
4678 
4692 
4399 
3853 
4578 
4907 
5597 
4905 
2788 
4534 
4745 
4663 
2462 
2464 
3363 
3373 
719 
3011 
3855 
4682 
4762 
4081 
4137 
4795 
4575 
3905 
4768 
3647 
2856 
3396 
4704 
4585 
2830 
3843 
5652 
4256 
5012 
2964 
2796 
5730 
2395 
4417 
4904 
2563 
3719 
4079 
4576 
4375 
4165 
2917 
4675 
4677 
3341 
4425 
4686 
4144 
3178 
4988 
4688 
4689 
3111 
2080 
1375 
Total Journal Paper Publications Changed = 225 

2842 
Total PHD Thesis Publications Changed = 1 

2399 
359 
319 
2381 
2573 
41 
2497 
2397 
2344 
2400 
2586 
2263 
1888 
2398 
Total Poster Publications Changed = 14 

2841 
2242 
2831 
2861 
2855 
2149 
Total Proceedings Paper Publications Changed = 6 

