5588 
4761 
2840 
2869 
5327 
2963 
5356 
4464 
3703 
5412 
3456 
5476 
3477 
4514 
2809 
3161 
4605 
4076 
4915 
4205 
2914 
4574 
4265 
4748 
4674 
4334 
4404 
4708 
4709 
2922 
2903 
3887 
4122 
4536 
3453 
3692 
4228 
4815 
3842 
4706 
4264 
4553 
2229 
3130 
3349 
4749 
4912 
4579 
3680 
3596 
4668 
4374 
5580 
5650 
2787 
5686 
2975 
5001 
3691 
4746 
4909 
3854 
2121 
4563 
3530 
2901 
2943 
2786 
4116 
4529 
4691 
2508 
4148 
4710 
2117 
2961 
3742 
4711 
3580 
3513 
5579 
2802 
2000 
5004 
2505 
2053 
3666 
3395 
2783 
4687 
4074 
3374 
4586 
3531 
2822 
5600 
2451 
5436 
4522 
4747 
2845 
4667 
2900 
2450 
4515 
2418 
3559 
4120 
3705 
4789 
2426 
718 
4690 
5620 
2902 
1156 
4277 
4415 
4705 
5589 
5441 
4497 
4906 
4119 
2804 
4207 
3989 
2844 
3741 
4703 
5355 
2880 
3164 
2560 
3977 
3539 
2290 
2151 
2851 
2868 
2821 
2939 
2915 
3663 
4910 
2904 
4676 
4168 
4908 
3337 
2116 
4758 
2823 
2810 
2561 
4498 
4115 
2484 
3365 
3841 
1880 
4903 
4678 
4692 
4399 
3853 
4578 
4907 
5597 
4905 
2788 
4534 
4745 
4663 
2462 
2464 
3363 
3373 
719 
3011 
3855 
4682 
4762 
4081 
4137 
4795 
4575 
3905 
4768 
3647 
2856 
3396 
4704 
4585 
2830 
3843 
5652 
4256 
5012 
2964 
2796 
5730 
2395 
4417 
4904 
2563 
3719 
4079 
4576 
4375 
4165 
2917 
4675 
4677 
3341 
4425 
4686 
4144 
3178 
4988 
4688 
4689 
3111 
2080 
1375 
Total Journal Paper Publications Changed = 225 

